#{"t_start": 1747656329.8388193, "env_id": "None"}
r,l,t
-174.040386,500,34.786073
-172.18937,500,42.213002
-216.731372,500,49.622609
-117.288363,500,56.88859
-184.439417,500,71.511194
-130.314991,363,77.031391
-270.543428,500,85.010446
-149.091261,500,93.249839
-195.216494,500,114.715735
-128.782724,500,122.476617
-145.803584,500,129.847278
-167.570671,500,137.428639
-94.770145,500,151.554962
-197.52595,500,159.100907
-202.240026,500,166.502177
-173.784677,500,174.134568
-132.976155,500,188.29377
-59.639837,500,195.800583
-119.172465,500,203.335187
-158.079724,500,210.985562
-184.904588,500,246.75626
-106.71282,500,254.40889
-37.661079,500,261.856912
-40.696042,500,270.047747
-69.627357,500,291.446556
-128.168159,500,299.281053
-140.822861,500,306.876954
-135.807786,500,314.428105
-103.472842,500,327.486169
-129.372268,500,335.436302
-171.332573,500,343.905791
-125.757487,500,351.975098
-170.547308,500,359.782044
-126.382388,500,375.0665
-194.45597,500,382.98192
-164.785728,500,390.522843
-84.423376,500,398.29303
-186.096551,500,412.495568
-85.625563,500,419.932888
-112.975063,500,427.239356
-103.657235,500,446.185328
-186.220306,500,460.344136
-147.895743,500,468.000003
-80.491333,500,476.134151
-127.551662,500,484.224155
-157.179883,500,505.726861
-129.353432,500,513.528228
-138.576571,500,521.301425
-243.895538,500,528.971749
-206.392825,500,550.081253
-138.777403,500,557.695152
-96.647392,500,564.930021
-71.464698,500,572.036932
-58.281203,500,586.116691
-99.551942,500,593.896692
-150.698592,500,600.941606
-224.427372,500,608.367464
-144.645497,500,629.276921
-189.582427,500,636.628548
-133.43257,500,644.373297
-66.13047,500,671.629878
-155.595098,500,692.902215
-124.381081,500,700.711097
-12.514713,50,701.48804
-122.62338,500,709.153891
-62.090765,500,716.916592
-66.445327,500,738.213934
-94.25175,500,745.914864
-105.255006,500,753.300093
-77.268009,500,760.794153
-133.88221,500,774.67011
-70.737379,500,781.935732
-129.835775,500,789.551839
-89.465386,500,796.7606
-181.881049,500,809.574374
-96.318703,500,816.996611
-133.785788,500,825.132452
-129.210018,500,833.242399
-159.358593,500,845.743241
-116.743939,500,853.084748
-118.822087,500,860.35377
-165.315034,500,881.422731
-88.394792,500,889.119314
-83.626663,500,910.317052
-182.332916,500,917.851571
-157.376003,500,925.363982
-58.056168,500,932.817494
-208.766184,500,947.000099
-128.268198,500,954.67371
-218.616152,500,961.943315
-98.295577,500,969.307366
-158.00923,500,983.020703
-109.276619,500,990.75874
-80.42512,500,998.493434
-139.684757,500,1006.131343
-15.563883,94,1007.679318
-74.795903,500,1029.328851
-127.33439,500,1037.36797
-159.323989,500,1045.170856
-92.085736,500,1052.366994
-55.290093,500,1064.748851
-127.11065,500,1086.974484
-113.83316,500,1095.14807
-117.309023,500,1103.116669
-92.020399,500,1124.41895
-117.352824,500,1131.885708
-136.097965,500,1139.300617
-67.929818,500,1146.883712
-146.328644,500,1159.858479
-205.557391,500,1167.5697
-144.882657,500,1175.001171
-97.482787,500,1182.736305
-202.363989,500,1195.378786
-40.486811,500,1202.490921
-109.516632,500,1209.669666
-157.736788,500,1216.784769
-117.419494,500,1237.38882
-127.087592,500,1245.303946
-109.613682,500,1252.755158
-36.018957,500,1260.274499
-222.14751,500,1281.458064
-144.168196,500,1305.936486
-94.330079,500,1313.751251
-129.722454,500,1321.378486
-125.159952,500,1342.321184
-144.195256,500,1350.28427
-135.255902,500,1357.719523
-225.170576,500,1365.195984
-65.225153,500,1379.649268
-237.840122,500,1386.885187
-59.15364,500,1393.905735
-146.330349,500,1401.093591
-202.268428,500,1408.357368
-88.938852,500,1422.846022
-63.215162,500,1430.874249
-38.163615,500,1438.380997
-110.549888,500,1445.828359
-201.632818,500,1459.992508
-116.558367,500,1467.547837
-175.140141,500,1475.225011
-98.208832,500,1483.019206
-61.186504,500,1513.246305
-176.442317,500,1521.485475
-282.358417,500,1528.809579
-53.440157,500,1536.315117
-88.875594,500,1557.560855
-15.029523,500,1565.407133
-55.259514,500,1572.806326
-22.657609,500,1579.954355
-69.698095,500,1600.878529
-52.903069,500,1608.491296
-94.873628,500,1616.148245
-149.364033,500,1623.869103
-183.780737,500,1636.585653
-36.279312,500,1643.979594
-31.916287,500,1651.273443
-53.950506,500,1658.61915
-143.38921,500,1679.598282
-142.754748,500,1687.539855
-80.236802,500,1695.223806
-120.932048,500,1703.025309
-108.088971,500,1741.709346
-149.492772,500,1749.458858
-113.341725,500,1757.124302
-49.844486,500,1765.174853
-39.556013,500,1786.217821
-131.507742,500,1794.077248
-31.702324,500,1801.554455
-77.681573,500,1809.278562
-254.858013,500,1823.604063
-115.230441,500,1831.136921
-126.227112,500,1838.688455
-38.182368,500,1846.062334
-31.458606,500,1853.452481
-115.288489,500,1867.627104
-54.865829,500,1875.000706
-151.960261,500,1882.496989
-114.164978,500,1890.1456
-71.956067,500,1911.236753
-106.498068,500,1918.592524
-127.667094,500,1926.067535
-80.683609,500,1946.770857
-41.226388,500,1968.083002
-68.038079,500,1976.109864
-23.204708,500,1984.246075
-129.756097,500,1992.242291
-64.207758,500,2006.779979
-75.517479,500,2014.214982
-124.19014,500,2021.271883
-47.534518,500,2028.76768
-13.672017,500,2050.030278
-116.538316,500,2057.230703
-31.37722,500,2064.637533
-18.450831,500,2072.042411
-31.765616,500,2093.32284
-56.488114,500,2100.748687
-107.13926,500,2108.025413
-128.975175,500,2115.231446
-54.074798,500,2127.751336
-146.483015,500,2135.091994
-28.670886,500,2142.70452
-56.984894,500,2163.609791
-36.393415,500,2176.565002
-31.671486,500,2184.089309
-71.393589,500,2191.517327
-23.728223,500,2198.967345
-47.408238,500,2211.761036
-34.283647,500,2219.787183
-81.738596,500,2227.297254
-55.403126,500,2235.057206
-25.629513,500,2249.867735
-96.791178,500,2257.380177
0.853411,500,2264.948637
-35.368518,500,2272.346183
-57.618844,500,2285.073788
-8.990556,500,2292.027402
-112.513881,500,2299.335352
-84.093487,500,2307.263665
10.819197,500,2314.77745
-96.826574,500,2335.938035
-86.06683,500,2343.60519
-50.423387,500,2366.978052
-73.538022,500,2374.791356
-319.826313,500,2388.954249
-146.770314,500,2396.409996
-112.554102,500,2404.187123
-8.030818,500,2412.471802
-119.551419,500,2425.797428
-81.659379,500,2434.711817
-22.745123,500,2442.110818
-189.073208,500,2449.517474
-58.398648,500,2463.763723
-22.265361,500,2471.227604
-20.452748,500,2479.203151
2.64451,500,2486.464376
-43.575234,500,2500.890245
-24.525519,500,2508.196989
-117.424311,500,2515.475912
2.342359,500,2522.892933
-54.360651,500,2536.943758
-60.971689,500,2544.247867
-100.809187,500,2563.334435
-44.666899,500,2570.960095
-13.795528,500,2592.070113
-22.111694,500,2599.506651
-12.915134,500,2606.953936
-9.182991,500,2614.494982
-75.288961,500,2634.964599
-59.374716,500,2642.121965
4.633604,500,2650.044688
-126.546727,500,2657.659237
0.827252,500,2678.816054
-37.074748,500,2686.361375
-65.983664,500,2693.70138
-55.342858,500,2701.110158
41.147167,500,2722.049219
-30.896374,500,2729.73567
-56.214056,500,2737.350366
-8.138454,500,2745.10873
-93.673697,500,2752.686738
-5.637885,227,2762.793716
-68.40982,500,2769.963064
-116.644575,500,2792.923625
-104.703774,500,2800.328928
-81.997073,500,2814.404532
-5.619701,500,2821.887531
-75.083466,500,2829.503879
24.570462,500,2836.89653
-55.211353,500,2849.716897
15.639924,500,2857.503737
0.53435,500,2865.19287
36.213675,500,2872.606268
-56.51968,500,2893.718226
11.099565,500,2901.595448
26.14866,500,2908.920497
-52.652642,500,2916.138457
-9.706343,500,2936.72579
-71.469787,500,2944.422107
41.273237,500,2952.320684
22.775182,500,2960.314575
-106.697267,500,2968.297801
-16.034239,500,2982.534464
-196.057438,500,3010.693499
66.37485,500,3018.590359
-33.69324,500,3026.36764
-24.538997,500,3047.039058
-19.909369,500,3054.461026
46.650431,500,3062.107923
-24.773563,500,3069.822318
-7.694333,500,3082.843346
-90.35395,500,3090.527136
39.044906,500,3098.124517
-59.738422,500,3106.667936
35.969543,500,3127.428865
-31.187813,500,3134.904379
14.682208,500,3142.618697
-69.498073,500,3150.341141
31.799858,500,3171.209444
25.091547,500,3179.16111
-163.578044,500,3187.592858
14.670676,262,3192.172402
32.025154,500,3200.25906
3.759386,500,3223.110424
27.604678,500,3246.798624
50.492888,500,3254.693179
61.170747,500,3262.216549
-32.442761,500,3282.849687
65.651755,500,3290.358825
-91.088714,500,3297.925736
-36.343505,500,3305.379209
-52.524237,500,3317.976354
65.359518,500,3325.444473
79.75137,500,3332.726394
-104.245146,500,3340.33018
49.897074,500,3361.023399
61.169396,500,3368.841615
58.207101,500,3376.622921
27.933133,500,3384.21875
-60.29249,500,3398.262414
74.668287,500,3405.644959
42.617546,500,3413.344783
-16.372769,500,3421.526188
42.06495,500,3442.576183
43.248886,500,3470.650387
-1.939596,31,3471.239768
-14.524494,500,3478.782456
58.452567,500,3486.28038
27.974566,500,3500.725269
55.619454,500,3508.312831
-67.365455,500,3516.552032
23.955684,500,3524.637784
27.251912,500,3545.422041
52.78603,500,3552.427304
-0.140713,500,3560.305951
-16.932287,500,3568.694305
-6.638303,500,3582.606279
30.33643,500,3590.343617
15.415074,500,3598.367975
47.710668,500,3605.95666
78.85034,500,3618.822392
46.262443,500,3626.663096
-110.425504,500,3634.900534
10.386961,500,3642.935711
11.557985,80,3644.043497
-4.916374,500,3685.6737
33.182895,500,3694.019245
-38.73593,500,3701.647342
7.761219,56,3702.455935
85.400966,500,3710.421314
39.28066,500,3724.961352
16.666233,500,3732.342475
39.143551,500,3740.885347
111.913631,500,3748.989713
17.366972,500,3769.679447
-29.239981,500,3777.546477
66.617294,500,3785.30536
-25.662946,500,3792.678017
66.762452,500,3806.734833
42.981574,500,3814.094424
30.660681,500,3821.841724
133.22451,500,3829.322616
61.959574,500,3837.424996
45.569411,500,3858.09613
-43.331718,500,3865.642784
70.706909,500,3873.044923
-53.39476,500,3896.101702
104.610195,500,3910.327489
24.061699,500,3918.074502
77.418435,500,3925.504824
69.95877,500,3932.988386
5.641903,51,3933.899017
-38.829557,500,3954.790719
60.977624,500,3962.059088
-138.58694,500,3969.411475
28.854861,500,3976.973338
97.860388,500,3990.898715
155.519943,500,3998.708002
-16.1627,500,4006.282137
116.016433,500,4013.645109
112.250047,500,4027.677883
123.306984,500,4034.936244
101.719278,500,4042.670553
97.182913,500,4050.164495
136.108455,500,4070.86395
31.910264,500,4078.053828
34.775769,500,4085.392501
-10.033074,500,4108.484865
32.628161,500,4122.084588
121.670822,500,4130.162938
131.796842,500,4137.968268
152.914833,500,4145.405909
36.923298,500,4158.379571
91.801617,500,4165.60823
87.14961,500,4172.798716
151.507437,500,4180.418229
118.798317,500,4194.83154
-48.458384,500,4202.62898
86.169226,500,4210.4046
-37.839304,500,4218.65801
135.37803,500,4233.155452
75.440801,500,4240.752092
152.673006,500,4248.146136
88.114425,500,4256.075977
60.500805,500,4277.39037
95.208561,500,4284.911699
14.738389,500,4292.552879
70.140424,500,4314.756153
54.82183,500,4328.784291
85.367588,500,4335.953458
118.635746,500,4343.227823
181.978277,500,4350.577428
38.743824,500,4357.831498
114.987212,500,4372.030287
9.925303,104,4373.74247
155.173537,500,4381.269114
171.848316,500,4388.682786
149.377012,500,4409.849218
118.077733,500,4417.73331
81.892294,500,4425.579443
167.006887,500,4432.960172
50.317755,500,4440.310328
116.150146,500,4460.726896
136.430312,500,4467.822952
174.58786,500,4475.165509
131.288092,500,4482.408415
62.912357,253,4493.036045
140.926191,500,4500.472393
150.127419,500,4523.479611
60.875265,500,4530.550591
130.61167,500,4551.560647
27.037068,500,4559.223411
68.568009,500,4566.622004
168.228168,500,4574.510597
162.052621,500,4588.779665
84.699109,225,4592.111744
77.424141,361,4597.410673
-6.4962,500,4604.609475
200.67666,500,4612.09468
-12.805758,500,4633.13012
142.11326,500,4640.678211
105.734035,500,4648.094038
107.814269,500,4655.165971
77.119506,420,4661.294632
-44.701973,500,4674.040217
181.392854,500,4681.885013
16.914232,500,4689.194116
67.982587,500,4696.557806
129.740818,500,4717.453559
145.351578,500,4741.040612
151.95599,500,4748.36617
142.104684,500,4755.514119
211.901245,500,4770.18351
86.533585,500,4777.776552
141.806176,500,4785.530985
96.648654,500,4793.424804
109.194205,500,4814.543886
133.853061,500,4822.328187
179.772972,500,4829.92046
110.71521,500,4837.186187
194.22148,500,4851.040538
223.95268,500,4858.06433
180.260228,500,4865.375432
198.881589,500,4873.073942
160.272696,500,4894.061803
45.273458,143,4896.285133
142.746325,500,4903.710464
116.419672,500,4911.23004
93.611606,500,4918.49995
196.012855,500,4932.312272
74.405759,309,4950.674349
-27.238394,500,4957.881627
161.135964,500,4965.321238
169.343933,500,4977.755564
73.75927,500,4984.873267
107.62206,500,4992.156557
144.129229,500,4999.712363
130.843129,500,5012.256385
108.580774,500,5019.580876
164.898604,500,5027.155543
138.720653,500,5034.41448
145.009114,500,5048.420556
140.094461,500,5055.878357
152.869547,384,5061.746349
135.713264,500,5069.457904
-13.094347,500,5077.470685
27.18591,500,5100.369406
251.432408,500,5107.992782
214.547061,500,5115.28794
201.366279,500,5122.541281
183.626977,500,5136.270762
203.046422,500,5157.915786
142.642536,500,5165.281007
186.383195,500,5172.782186
105.259391,237,5176.14948
169.896295,500,5196.651435
169.467331,500,5203.787357
86.384231,500,5211.066243
175.405317,500,5218.660116
58.134011,158,5228.463988
192.857929,500,5235.699783
180.122876,500,5243.166877
187.200206,500,5250.512965
32.247745,500,5264.806421
143.027582,500,5272.235425
98.601543,500,5279.72928
196.582761,500,5287.126494
200.586587,500,5294.666063
211.44965,500,5307.505324
204.207266,500,5315.071435
130.635079,500,5322.405594
142.963892,500,5330.112973
223.958712,500,5354.957477
224.857107,500,5362.507613
167.772938,500,5370.110902
180.821187,500,5377.640446
246.099669,500,5398.844369
176.018899,500,5406.586665
122.625548,500,5413.937381
216.714346,500,5421.344136
179.2489,500,5442.342611
240.079555,500,5449.859486
240.68736,500,5457.452142
149.77247,500,5465.236639
188.381622,500,5486.587116
187.517333,500,5494.985341
232.278072,500,5502.962731
230.740029,500,5510.264373
138.882288,500,5524.199123
148.403728,500,5532.161492
240.641372,500,5539.193892
211.374575,500,5546.66824
172.951652,500,5573.93807
235.78167,500,5581.165632
91.896323,500,5588.487251
236.003744,500,5595.820001
180.088435,500,5609.753415
211.794667,500,5617.144668
233.195151,500,5624.291987
235.576304,500,5631.628288
216.296026,500,5652.410297
276.766355,500,5659.987813
182.102511,500,5667.617325
244.75956,500,5675.741054
49.154225,500,5697.550887
212.478878,500,5705.281843
125.771606,500,5712.961842
240.75163,500,5720.60203
209.377268,500,5742.005353
228.948327,500,5749.688543
251.739416,500,5756.925174
111.836217,500,5764.535031
214.150446,500,5785.562869
219.214457,500,5799.447057
234.076011,500,5806.872154
206.440054,500,5814.124439
131.212501,500,5821.293272
24.709268,500,5835.199664
260.033256,500,5842.371253
241.481547,500,5850.159005
185.375965,500,5858.123556
83.698085,500,5879.370293
256.041129,500,5887.155362
258.377084,500,5895.135927
210.674164,500,5902.868355
235.665152,500,5915.475417
248.954428,500,5922.700377
258.852393,500,5930.573156
195.67196,500,5938.343512
249.84733,500,5952.297606
245.318427,500,5959.631036
211.604203,500,5966.769849
252.828281,500,5989.322538
241.370042,500,6003.486521
239.827232,500,6011.100833
197.811957,500,6018.611027
233.593373,500,6026.612493
244.507324,500,6040.766524
229.875749,500,6049.041013
152.993053,500,6057.7158
193.629882,500,6065.670632
246.652152,500,6088.313895
283.507977,500,6095.992803
226.298953,500,6103.339828
255.748107,500,6111.154324
201.324808,500,6125.551489
267.905033,500,6132.818083
234.913235,500,6140.438569
49.956007,500,6147.553779
237.914608,500,6168.964628
244.95135,500,6176.688858
233.434332,500,6184.487314
220.794932,500,6210.459711
175.429644,500,6217.976792
186.569317,500,6239.061369
194.789729,500,6246.913464
242.980948,500,6253.848466
269.985107,500,6261.006897
284.271539,500,6282.242465
198.932829,500,6289.174381
263.501075,500,6296.312508
158.702361,500,6303.578393
246.488901,500,6317.627076
295.766742,500,6324.964218
227.24271,500,6332.406481
149.172123,500,6339.857013
269.205061,500,6353.684044
295.207335,500,6360.959533
297.763212,500,6368.46602
260.215369,500,6375.971016
116.461483,500,6388.336782
223.910957,500,6395.424001
205.447056,500,6415.194189
180.458684,500,6422.471494
226.434746,500,6434.868307
255.415199,500,6442.67076
213.924313,500,6450.468495
227.569295,500,6458.071569
181.582072,500,6479.317055
261.450864,500,6487.166357
284.495217,500,6494.784462
176.090736,500,6502.478513
216.848467,500,6524.113774
258.614552,500,6531.98781
112.477997,500,6539.943212
203.944555,500,6547.183898
284.208094,500,6569.36786
231.238064,500,6577.072078
261.919084,500,6584.516985
142.754742,500,6592.041574
230.859889,500,6605.730464
257.517817,500,6613.158295
206.513017,500,6634.044002
244.570816,500,6641.0713
294.301374,500,6662.22782
237.306144,500,6669.712425
283.659868,500,6677.375589
249.729732,500,6684.864027
155.648381,500,6692.632113
248.651695,500,6713.698207
254.577996,500,6720.854764
248.142354,500,6728.093511
238.284117,500,6735.578519
90.441214,500,6749.635111
225.523362,500,6757.25412
201.68873,500,6764.596368
157.554881,285,6769.081563
206.43225,500,6783.145922
305.600074,500,6790.767755
293.885037,500,6797.688928
185.66775,500,6805.002301
254.119436,500,6819.265856
275.366059,500,6843.002217
264.309624,500,6850.584529
241.143533,500,6857.77311
326.789942,500,6871.802453
287.793575,500,6879.181834
253.329061,500,6886.683408
303.044354,500,6894.101161
137.676557,500,6914.923049
291.373739,500,6922.837028
284.418863,500,6930.24228
241.587042,500,6937.212324
281.054756,500,6944.718112
295.698534,500,6966.239425
257.528891,500,6974.964946
195.082579,500,6983.088311
248.620337,500,6991.042174
317.54576,500,7014.913245
269.244539,500,7022.665052
236.836345,500,7030.367923
225.211592,500,7037.967819
258.83627,500,7074.131988
186.912157,500,7081.415705
115.229539,201,7084.415852
212.885824,500,7091.8146
252.876737,500,7106.062195
225.370273,500,7113.553131
205.406859,500,7121.056972
251.067776,500,7128.31902
172.857338,500,7135.756562
290.863922,500,7150.142332
250.260639,500,7157.867687
244.603495,500,7165.705389
313.840659,500,7173.489849
300.790806,500,7194.959986
247.680798,500,7202.643211
241.661267,500,7210.459116
322.144864,500,7217.943498
267.560314,500,7232.06756
209.094212,500,7239.284285
282.591486,500,7246.644242
180.764146,500,7254.010286
186.954581,500,7282.643519
-0.207868,13,7282.933272
282.049844,500,7290.504216
175.368626,500,7297.738777
310.346686,500,7305.079578
263.728642,500,7325.947869
249.355646,500,7333.362443
193.569862,500,7340.543429
269.831202,500,7347.772853
332.021563,500,7362.019777
253.206498,500,7369.334853
314.056936,500,7376.79157
340.565805,500,7383.949955
303.901799,500,7398.080981
268.964395,500,7405.869798
287.210418,500,7413.211867
278.826256,500,7420.506726
94.77483,213,7423.637405
319.934708,500,7437.782861
201.103511,500,7445.297603
274.764406,500,7452.51211
276.460272,500,7475.597544
255.261647,500,7489.411415
227.915175,500,7496.970837
234.16496,500,7504.143625
242.823386,500,7511.448043
264.585895,500,7525.51407
311.262645,500,7532.981889
232.564271,500,7540.423455
122.920944,500,7549.250656
252.33977,500,7570.565139
295.951325,500,7577.889484
258.056608,500,7585.134532
262.251704,500,7592.774434
183.690755,500,7613.56916
296.588232,500,7620.529598
265.00086,500,7627.897694
198.847549,500,7635.671516
308.661515,500,7649.88498
257.449286,500,7656.871702
306.069537,500,7664.090477
328.395701,500,7686.917719
323.498708,500,7700.695535
245.109564,500,7708.071045
300.667475,500,7715.283033
265.370435,500,7722.590242
161.700661,500,7736.541909
336.503945,500,7743.891248
242.237189,500,7751.108791
185.618693,500,7758.401133
325.779456,500,7765.881733
280.464112,500,7779.83641
313.820845,500,7787.217514
94.956433,177,7789.92339
275.794791,500,7797.38214
247.103649,500,7818.340582
254.030001,500,7826.102591
275.189732,500,7833.987858
344.672156,500,7841.567959
266.979501,500,7863.359308
258.612548,500,7870.785927
299.003224,500,7878.035261
316.494446,500,7898.693698
325.289449,500,7911.137798
319.774056,500,7919.382472
269.036883,500,7928.359548
184.175675,339,7934.237552
310.018782,500,7942.456791
242.914903,500,7958.66433
226.237896,500,7966.100389
294.649587,500,7973.484002
271.452617,500,7981.099096
263.473498,500,8002.443141
277.198163,500,8009.961408
154.275304,394,8015.703127
275.989562,500,8022.965004
189.189156,500,8035.516041
323.345893,500,8042.916186
341.83487,500,8050.196862
263.627187,500,8057.320477
312.841373,500,8078.724415
350.057927,500,8086.140776
208.448821,500,8093.383904
294.620372,500,8114.456958
319.409873,500,8128.556288
229.569114,500,8135.71769
307.751818,500,8143.568166
323.251428,500,8151.024075
292.278933,500,8158.524411
305.411869,500,8172.626232
295.139574,500,8179.934564
236.551592,500,8187.209107
298.77391,500,8194.318364
185.868276,500,8207.0474
205.456039,500,8214.518701
355.386582,500,8221.874457
182.431704,500,8229.053575
311.928885,500,8243.561728
287.660477,500,8250.818685
318.12741,500,8258.397273
342.049139,500,8265.393092
308.19529,500,8277.834422
320.040212,500,8285.721235
266.417608,500,8308.656451
304.445042,500,8316.201602
308.53273,500,8330.417081
349.501363,500,8338.169266
303.942521,500,8345.289855
228.06626,500,8352.806753
244.126925,500,8373.32299
326.405483,500,8380.707951
243.539501,500,8388.19575
202.572558,500,8395.882387
276.260927,500,8416.921231
338.218251,500,8424.257329
254.885082,500,8431.542265
270.333705,500,8439.105302
163.967397,500,8453.828688
188.457788,500,8461.049489
265.35303,500,8468.652215
235.995398,500,8476.586996
140.10573,500,8490.352377
262.803234,500,8497.413374
314.661781,500,8519.625978
277.819033,500,8527.146235
297.177103,500,8547.954403
283.123396,500,8555.664335
352.222413,500,8563.283021
320.601404,500,8570.914509
357.710901,500,8578.545365
347.580244,500,8599.393203
241.946868,500,8607.261381
266.392037,500,8614.761533
362.135338,500,8622.098875
240.990238,500,8634.627851
292.942784,500,8642.422854
227.771523,500,8649.843381
325.452521,500,8657.057204
237.839092,500,8669.661285
371.218912,500,8676.892139
341.938326,500,8684.2974
314.073095,500,8691.451524
284.595562,500,8704.236709
336.344506,500,8726.986501
210.913274,500,8734.472205
237.354447,500,8741.922219
324.07564,500,8756.15756
75.050771,500,8763.621051
269.785427,500,8770.631918
310.430038,500,8777.954816
138.12206,500,8790.330148
283.794346,500,8797.524179
310.527059,500,8804.897922
309.970539,500,8812.27359
303.783308,500,8824.813747
298.930784,500,8832.243616
250.926714,500,8839.63083
323.996537,500,8847.348774
358.167104,500,8868.19733
277.35679,500,8876.893654
341.504787,500,8884.947155
172.260044,500,8893.503101
217.403854,500,8916.607761
262.000228,500,8939.127316
362.853319,500,8946.622947
264.807851,500,8953.926256
331.074552,500,8967.915017
344.06244,500,8975.106345
371.416218,500,8982.445167
319.977222,500,8989.502574
346.010916,500,8996.734025
287.395769,500,9009.24378
212.744498,500,9016.577624
333.914144,500,9024.346146
264.853846,500,9031.812139
312.502541,500,9052.672701
241.89874,500,9060.089685
321.880424,500,9067.683903
212.244598,500,9074.98987
309.808592,500,9089.381359
280.126873,500,9096.665489
282.502675,500,9103.863812
273.457567,500,9111.200608
359.007067,500,9147.74567
357.619525,500,9155.186221
322.952862,500,9162.757865
298.942253,500,9170.28775
329.179003,500,9191.111403
315.767973,500,9198.413178
351.299223,500,9206.051476
311.166593,500,9213.964698
232.686143,500,9226.472826
322.35565,500,9233.8329
318.233701,500,9241.071026
299.029379,500,9248.381547
342.610261,500,9261.060122
317.449199,500,9268.922454
291.83729,500,9276.525251
340.500715,500,9284.598334
344.349733,500,9305.96142
365.34763,500,9313.764479
299.66527,500,9321.385643
362.181425,500,9329.036697
324.581192,500,9355.188464
348.536582,500,9362.442914
323.008277,500,9369.948593
350.210979,500,9377.310753
273.799726,500,9391.21319
226.5392,500,9398.953251
306.329786,500,9406.491448
365.56392,500,9414.343799
265.440063,500,9435.608133
326.328286,500,9443.738242
234.796782,500,9451.63994
352.28715,500,9458.882851
367.709501,500,9466.269912
331.314683,500,9480.223945
324.471897,500,9487.744005
369.085336,500,9495.193953
356.467866,500,9502.666727
303.026989,500,9524.031231
305.095237,500,9531.558212
295.493754,500,9539.046218
234.741448,500,9560.027513
270.287191,500,9574.022851
213.062795,500,9581.312335
292.689721,500,9588.761912
276.324619,500,9596.173189
290.059161,500,9608.82506
377.087033,500,9616.205944
341.293303,500,9623.57835
301.695291,500,9631.19212
281.773757,500,9643.797223
347.178465,500,9651.857368
297.915213,500,9659.565648
156.652754,500,9667.423357
371.539711,500,9688.700547
269.715535,500,9696.381463
310.953462,500,9703.894663
303.365867,500,9711.705583
274.332309,500,9724.338845
271.237496,500,9731.720689
339.106989,500,9739.135796
305.330146,500,9757.490345
338.450896,500,9778.049023
309.037226,500,9785.269943
402.748177,500,9792.585654
312.511769,500,9799.878338
342.279311,500,9814.760253
268.880729,500,9822.688807
343.377649,500,9830.451474
349.772853,500,9838.478975
285.128327,500,9854.328238
284.555319,500,9861.909272
286.949004,500,9869.586522
223.445272,500,9876.817123
319.942314,500,9884.347958
367.117962,500,9898.272947
346.978343,500,9905.399451
179.138907,500,9912.965277
246.824991,500,9920.684417
323.040454,500,9935.11615
327.074212,500,9942.496966
338.335721,500,9965.824846
296.032438,500,9973.156384
364.045848,500,9987.20505
360.80566,500,9994.609318
371.319873,500,10002.085397
222.35142,500,10009.51106
348.842438,500,10023.592493
335.88391,500,10031.02855
295.711906,500,10038.763743
365.362462,500,10046.185132
326.262526,500,10067.777485
329.255509,500,10076.133014
307.621773,500,10083.517319
334.950314,500,10090.727474
385.170431,500,10104.678077
372.089001,500,10112.388623
333.76888,500,10119.722137
369.593553,500,10127.420825
409.188692,500,10141.705456
392.006948,500,10149.166369
358.206361,500,10170.065183
328.9146,500,10178.117047
301.906286,500,10198.957819
347.794636,500,10206.615667
324.574787,500,10214.200227
279.977302,500,10222.733886
371.312194,500,10243.553169
339.582168,500,10251.284795
290.944104,500,10258.790157
339.589767,500,10266.522045
342.414825,500,10279.052394
208.529483,500,10286.69659
269.87283,500,10294.663518
238.014462,500,10302.025795
361.588092,500,10322.676205
311.507119,500,10330.538142
305.792613,500,10337.791872
255.795689,500,10345.368033
278.175091,500,10353.119061
352.034011,500,10374.679784
368.698462,500,10400.213529
368.46968,500,10408.585709
356.644282,500,10416.216829
335.894047,500,10430.273385
331.342127,500,10437.733124
180.369085,254,10441.605097
397.906457,500,10449.126385
246.637043,500,10463.341375
311.601787,500,10470.659636
240.718959,500,10477.926913
337.518432,500,10485.33775
363.010158,500,10505.77695
383.238224,500,10513.215123
395.508351,500,10520.569545
396.045855,500,10527.699443
332.617177,500,10540.213705
376.380586,500,10547.778177
388.78707,500,10555.449059
347.106979,500,10563.004581
286.133739,500,10570.580146
420.343285,500,10603.683163
317.073345,500,10611.290182
357.257156,500,10618.725757
350.402069,500,10625.963613
388.463001,500,10640.231672
285.620647,500,10648.379691
395.709988,500,10655.858217
410.898864,500,10663.865881
375.612669,500,10684.731107
403.644171,500,10692.513074
285.617767,500,10700.286777
365.937381,500,10707.969457
362.998479,500,10721.727405
398.817828,500,10729.114562
358.628667,500,10736.396186
312.030358,500,10743.413377
308.286713,500,10755.807917
251.409666,500,10763.33552
392.46731,500,10771.305639
396.73423,500,10780.058444
369.916435,500,10816.461148
321.891128,500,10823.804249
356.250848,500,10831.630339
399.665995,500,10838.858485
345.316001,500,10852.845736
309.295119,500,10860.356605
402.830806,500,10867.769556
418.673214,500,10875.125992
435.525055,500,10889.429404
409.540395,500,10896.873692
357.705444,500,10904.344907
397.473128,500,10911.775839
320.422168,500,10926.046218
349.721914,500,10933.294841
350.079945,500,10940.862838
429.895219,500,10948.343541
383.738812,500,10969.270009
375.883225,500,10976.776652
421.304134,500,10983.889895
298.538695,354,10989.312613
413.97848,500,11009.26442
399.06918,500,11029.72802
315.278366,500,11037.197719
326.537156,500,11044.501123
435.803119,500,11052.352474
364.97267,500,11074.285477
322.863971,500,11082.300258
420.793801,500,11089.832456
390.367944,500,11098.123548
403.343378,500,11118.532187
429.894483,500,11126.067478
411.746201,500,11133.595068
350.601682,500,11141.003782
387.866118,500,11162.978082
346.956763,500,11170.963971
415.239363,500,11179.183148
406.516819,500,11186.897995
335.510181,500,11200.865879
259.690086,500,11208.081925
424.903564,500,11215.488605
393.221673,500,11234.429081
406.603924,500,11248.285804
292.988833,500,11255.312408
343.649478,500,11262.452233
361.564432,500,11269.32691
351.788279,500,11283.331393
360.781983,500,11290.635679
422.614717,500,11298.109353
402.761047,500,11305.321118
430.060447,500,11319.179875
374.321112,500,11326.428736
391.458528,500,11333.57521
335.637527,500,11340.843166
333.077015,500,11348.004985
402.071332,500,11369.847699
333.250018,500,11377.433429
283.293912,500,11384.947243
386.49312,500,11392.212024
399.794777,500,11413.328292
425.561323,500,11420.781757
423.419797,500,11444.818398
444.088687,500,11452.411723
374.693488,500,11473.140028
402.512252,500,11480.629381
379.257662,500,11488.468103
412.533391,500,11496.419442
347.245362,500,11517.111197
372.259517,500,11524.340097
402.214808,500,11531.774042
438.803996,500,11539.41169
415.532281,500,11553.160439
449.986885,500,11560.583143
-0.68847,13,11560.853807
375.60686,500,11568.162251
391.616767,500,11575.584418
415.276002,500,11589.273803
405.331081,500,11596.963283
421.370689,500,11604.747503
347.781436,500,11612.574434
415.955749,500,11633.373204
323.386968,500,11640.553666
396.896076,500,11660.491375
361.896282,500,11668.342206
262.060277,402,11687.505101
418.242012,500,11694.8432
365.527473,500,11702.742921
376.315165,500,11710.975196
408.939566,500,11718.565794
380.53882,500,11733.428055
381.90007,500,11741.555965
387.10025,500,11749.548634
316.19347,500,11757.083288
424.544242,500,11771.615115
455.794171,500,11779.127493
448.666931,500,11786.472605
379.202044,500,11794.317564
395.586171,500,11815.49829
358.004097,500,11822.961496
446.314815,500,11829.95991
410.373363,500,11837.31182
446.749223,500,11849.982042
389.055406,500,11857.9337
380.937451,500,11877.724061
406.103203,500,11885.293791
412.867039,500,11897.348086
363.955033,500,11904.818779
363.741077,500,11912.096664
397.03525,500,11919.736263
460.350788,500,11940.615506
452.390088,500,11948.208249
432.587497,500,11956.030416
385.569018,500,11963.55721
462.312502,500,11985.219687
438.961244,500,11992.528081
398.122738,500,11999.988751
401.165446,500,12007.834993
330.746951,500,12029.664423
430.826799,500,12037.31853
399.739777,500,12044.834533
435.309435,500,12052.775153
404.98097,500,12074.355572
354.360536,500,12082.091305
421.97767,500,12101.763786
401.120032,500,12109.193856
426.93259,500,12121.646077
419.69479,500,12129.050528
484.760398,500,12136.559594
397.768008,500,12144.174572
324.482559,500,12165.000858
438.545942,500,12172.352427
419.246708,500,12179.675679
461.924865,500,12186.90741
428.997161,500,12194.459937
360.272508,500,12206.839733
412.247212,500,12214.175727
444.461033,500,12221.465943
365.257512,500,12228.769778
376.955918,500,12241.396727
389.920168,500,12248.769255
426.897647,500,12255.894379
115.290393,142,12257.977021
409.816067,500,12279.4092
407.934378,500,12298.193117
442.736479,500,12305.487751
423.615756,500,12312.877829
408.006704,500,12320.591535
435.403299,500,12341.17103
417.055931,500,12348.553256
447.949368,500,12355.992273
400.262348,500,12363.212956
391.648215,500,12377.179745
451.255716,500,12384.618736
379.85171,500,12392.21613
439.214603,500,12399.150066
356.990889,500,12420.403166
324.047873,500,12428.12886
383.302176,500,12435.598825
460.437198,500,12442.960933
404.164587,500,12464.711625
371.007262,500,12472.328403
458.668384,500,12480.323212
380.70106,500,12488.19646
422.619154,500,12512.560875
448.980523,500,12519.918449
411.035268,500,12527.43079
427.772815,500,12534.947599
448.268353,500,12549.122629
275.299873,319,12554.113798
493.749368,500,12561.733907
404.20298,500,12569.394218
451.799727,500,12576.99593
462.546812,500,12590.979458
443.285693,500,12598.390003
401.614442,500,12605.33049
433.755767,500,12612.606435
387.350805,500,12626.362234
458.62961,500,12634.005305
394.708767,500,12641.704033
433.61838,500,12649.524351
377.783261,500,12670.710262
450.288438,500,12678.111665
415.531171,500,12685.681588
410.862659,500,12693.885842
416.607284,500,12729.705733
392.149657,500,12737.471027
453.711654,500,12744.971245
458.696201,500,12752.582356
266.247593,500,12773.801136
434.255389,500,12781.661407
462.817178,500,12788.731539
458.351479,500,12796.16485
480.600986,500,12810.412099
413.69543,500,12817.939361
465.514745,500,12825.266773
314.693123,500,12832.666893
447.866641,500,12854.567255
453.678715,500,12862.194446
330.998313,500,12870.159893
416.003701,500,12878.099589
409.861872,500,12891.96825
451.582577,500,12899.512291
417.219846,500,12906.647221
404.275321,500,12914.267126
443.608105,500,12940.97997
437.758392,500,12948.694801
462.547551,500,12956.259423
478.705037,500,12963.431032
426.199386,500,12976.064014
383.480756,500,12983.520546
432.896803,500,12991.245895
453.124198,500,12998.942458
388.763037,500,13020.1197
360.365513,500,13027.196046
451.770308,500,13034.789872
426.931664,500,13042.557009
418.362311,500,13050.141056
374.679699,500,13064.407815
443.661842,500,13071.767773
458.881746,500,13079.048123
451.979797,500,13086.482517
422.255723,500,13100.591769
316.395511,500,13108.047004
357.153494,500,13115.467219
457.060369,500,13134.447093
384.117953,500,13148.522533
419.323581,500,13156.026495
376.155933,500,13163.374436
404.991718,500,13170.885877
405.61275,500,13185.367804
390.538041,500,13192.837337
474.409524,500,13200.453618
420.374745,500,13208.278972
471.144545,500,13222.368847
403.722097,500,13229.884487
483.415036,500,13237.46033
481.741346,500,13244.850637
470.209812,500,13257.292591
488.012163,500,13264.483685
385.845718,500,13272.263996
395.620992,500,13279.619869
341.087539,500,13293.566233
431.733565,500,13300.822275
487.002874,500,13308.28439
491.789119,500,13336.086107
430.801727,500,13349.979643
340.781763,500,13356.925646
259.243048,316,13361.504848
460.135261,500,13368.81358
436.803472,500,13376.821246
355.952399,500,13397.957883
465.2469,500,13405.415542
487.21182,500,13412.461524
416.658377,500,13420.109026
461.24315,500,13440.892945
427.856756,500,13448.346833
14.3727,28,13448.840652
436.784591,500,13456.130277
401.605323,500,13463.449241
381.718931,500,13477.285056
468.313594,500,13484.811093
431.720903,500,13492.292854
388.824293,500,13499.798444
387.865474,500,13520.415571
473.639899,500,13527.580221
422.729628,500,13545.601022
323.773,500,13553.185393
412.446601,500,13574.134328
442.54272,500,13581.967307
446.837844,500,13589.502861
450.031522,500,13597.29258
75.997546,84,13598.723399
422.306596,500,13620.47035
218.981015,232,13624.074531
448.930104,500,13632.133701
434.568787,500,13639.569782
425.002585,500,13646.922783
403.904969,500,13661.675674
507.134431,500,13669.005319
408.136075,500,13676.753768
358.444057,500,13684.623667
430.097815,500,13705.539686
452.209982,500,13712.9091
462.552076,500,13720.279777
416.179544,500,13727.5753
415.752057,500,13748.801769
451.530441,500,13762.362461
450.413723,500,13769.490977
471.822323,500,13776.862501
429.095598,500,13797.502472
465.264646,500,13804.44517
413.875719,500,13811.601859
472.589951,500,13819.235373
455.76397,500,13840.222219
492.897122,500,13847.657517
407.45177,500,13855.259393
459.092662,500,13862.36604
445.993925,500,13876.201642
394.519939,500,13883.811313
484.371039,500,13891.473639
464.431707,500,13899.524934
475.399925,500,13913.505984
470.10226,500,13920.365198
470.587098,500,13928.23431
429.667896,500,13935.702768
467.365487,500,13956.775467
434.779852,500,13977.800133
423.291995,500,13985.418109
435.603489,500,13992.850827
479.755815,500,14013.454407
435.67042,500,14020.55549
476.053678,500,14027.799964
439.620272,500,14035.753707
450.582149,500,14057.070349
450.304376,500,14064.150668
480.002939,500,14071.719018
427.879927,500,14079.216765
448.036414,500,14086.422149
481.44988,500,14100.782088
419.93959,500,14107.937508
448.181775,500,14115.44584
470.355381,500,14122.624159
407.246753,500,14143.470909
450.058365,500,14150.723467
479.612081,500,14158.158813
492.371362,500,14165.51964
458.92686,500,14190.065444
463.628862,500,14197.643835
459.234465,500,14204.863077
453.735713,500,14212.100941
450.501866,500,14225.848978
427.570844,500,14233.377423
476.173358,500,14240.807722
437.158792,500,14248.222837
389.703354,500,14262.544055
492.409953,500,14269.840506
437.021755,500,14277.438833
511.051785,500,14284.868773
399.76602,500,14305.951825
472.22632,500,14313.236614
369.38825,500,14320.446173
452.4174,500,14327.990981
513.643785,500,14341.678201
406.887468,500,14348.95276
498.996868,500,14356.13738
357.460675,500,14363.484029
468.209074,500,14387.422806
494.564631,500,14395.076404
479.861994,500,14402.908145
495.268133,500,14410.786646
13.086997,27,14411.208019
487.442197,500,14431.94752
417.542858,500,14439.427148
493.315492,500,14446.953177
404.310212,500,14454.478021
513.829414,500,14475.694102
466.930869,500,14483.069122
491.870598,500,14490.43289
478.708451,500,14497.571431
501.084235,500,14509.817371
440.61562,500,14517.22221
462.040667,500,14525.031277
465.301965,500,14532.173372
476.790023,500,14539.587616
477.947152,500,14552.014386
462.364833,500,14559.598177
370.188749,500,14567.072641
501.653013,500,14593.917889
503.618575,500,14608.047553
412.873049,500,14615.555943
492.563176,500,14622.829129
400.225947,500,14630.149082
385.16603,500,14651.514982
431.689085,500,14658.722856
432.202978,500,14666.436672
514.088524,500,14673.643222
449.662772,500,14687.298352
478.185871,500,14694.523325
510.65807,500,14702.173543
454.563592,500,14709.650892
430.172844,500,14723.508167
470.184147,500,14730.811586
501.43197,500,14737.982247
405.732801,500,14745.589437
473.818929,500,14757.941411
502.926143,500,14765.171063
394.292012,500,14772.414062
473.425386,500,14795.360268
35.771073,47,14796.146235
504.392503,500,14817.053981
439.613371,500,14824.530036
502.041361,500,14831.986723
495.820573,500,14839.092882
492.991991,500,14860.312358
486.015961,500,14867.905776
450.594019,500,14875.344795
439.295925,500,14882.948234
469.2027,500,14904.558056
397.910165,500,14912.186887
489.114038,500,14919.849501
440.633305,500,14927.097346
481.03732,500,14941.291853
506.218361,500,14948.507207
403.083661,500,14955.910911
477.856572,500,14963.088833
376.960548,500,14984.338549
502.109743,500,14991.549052
480.811126,500,14998.750622
504.028448,500,15027.468841
473.037837,500,15035.02438
428.231978,500,15047.776643
521.237667,500,15055.207711
488.507888,500,15063.000815
496.719392,500,15070.868236
495.090694,500,15091.638498
403.217457,500,15099.510434
410.959269,408,15105.546617
465.623971,500,15112.852905
492.720037,500,15134.118276
512.225102,500,15141.411023
471.797865,500,15148.881797
255.475156,267,15152.667894
475.761224,500,15174.319987
379.879086,500,15181.747462
482.667697,500,15189.171072
459.287377,500,15196.588359
497.792857,500,15203.695231
478.277541,500,15217.810584
485.318021,500,15225.175237
489.036038,500,15244.06618
419.023884,500,15251.59494
459.967444,500,15265.977721
483.087712,500,15273.894128
499.206871,500,15281.747509
502.905405,500,15289.362778
519.72736,500,15303.252705
435.44825,500,15310.333527
462.507359,500,15317.951589
421.481735,500,15325.319773
457.111476,500,15339.153344
498.161098,500,15347.006721
406.207459,500,15354.783103
447.467039,500,15362.552319
510.823291,500,15383.618985
487.620394,500,15391.217036
459.28424,500,15399.533877
461.155805,500,15407.172689
470.586128,500,15428.048216
156.016023,168,15430.796501
513.858331,500,15438.509936
512.912085,500,15456.879557
533.73632,500,15464.450807
436.009741,500,15478.20329
504.531396,500,15485.52189
486.506986,500,15492.929677
505.527182,500,15500.485727
449.36043,500,15523.20537
455.140857,500,15531.26335
473.746492,500,15539.343751
527.204231,500,15547.534472
527.179988,500,15569.657193
478.215038,500,15576.928109
486.699988,500,15584.426888
455.749677,500,15591.779076
502.309122,500,15605.475037
513.602064,500,15612.936408
443.885461,500,15620.156734
504.793602,500,15627.601976
482.345378,500,15641.697371
523.316552,500,15649.148087
507.389317,500,15671.323265
484.579455,500,15678.707793
500.818791,500,15692.596204
528.880082,500,15700.180749
436.884638,500,15707.853746
540.828629,500,15715.40909
497.739536,500,15729.394143
508.943775,500,15736.796408
494.561345,500,15744.17086
525.37788,500,15751.512697
481.721532,500,15765.371922
352.485878,364,15770.90427
508.34776,500,15778.381417
447.259876,500,15785.892354
500.841667,500,15793.38361
495.721342,500,15814.21865
513.358949,500,15821.991817
498.350462,500,15829.412507
514.779107,500,15836.856232
492.405943,500,15850.95524
457.821784,500,15871.301193
412.126189,500,15878.42072
506.211704,500,15885.640996
452.611639,500,15899.41819
492.72868,500,15906.62643
504.321296,500,15914.058665
420.086749,500,15921.65923
535.784731,500,15942.36188
515.837079,500,15949.979731
466.065842,500,15957.642043
520.985565,500,15965.336873
503.14459,500,15979.837497
444.02639,500,15987.609532
449.596739,500,15995.285397
501.718809,500,16002.816938
508.869924,500,16024.128174
513.40539,500,16031.306314
518.776665,500,16038.300035
450.744385,500,16045.650416
491.023926,500,16067.49521
496.394335,500,16086.540281
402.352155,500,16094.375866
517.059724,500,16101.87729
512.884022,500,16109.266747
366.411845,427,16120.610804
511.297125,500,16127.874581
378.04019,500,16135.232109
514.503902,500,16142.338881
531.368064,500,16154.694587
528.754523,500,16161.963954
462.540672,500,16169.045231
395.507366,500,16176.448955
530.47735,500,16197.903181
486.648023,500,16205.512354
553.740841,500,16213.278146
491.38909,500,16219.948992
467.309165,500,16234.220187
490.491807,500,16241.874041
434.720021,500,16249.310161
472.637756,500,16256.61268
546.541329,500,16292.467069
530.458052,500,16299.643236
520.182696,500,16306.83988
489.575436,500,16314.178502
503.050951,500,16328.491351
467.815614,500,16336.003386
500.626382,500,16343.561819
473.377746,500,16351.115506
534.457765,500,16365.063622
535.398472,500,16372.577463
500.857549,500,16380.563493
518.695964,500,16388.238387
518.204665,500,16409.165057
490.224228,500,16417.04173
503.116457,500,16424.940634
528.046417,500,16432.820437
